Loudspeaker Symmetry measurements by DATS LA from Dayton Audio, V1.1.0.0
Monday, 8Sep2025, 12:15 AM

The Driver Under Test:               The Symmetry Test Setup:
     Manufacturer:                           Number of Sweeps Each Way = 9
     Model:                                  Total Number of Sweeps = 19
     Nominal Diameter = 0    mm              Maximum DC Offset = 15 VDC
     Piston Diameter = 62    mm              Sweep Level = -10 dBu

V(as) Method = Specified M(md) : Specified M(md) = 3.4551 grams
Notes:	Prints best with 10 point Courier font in portrait mode.
		VC refers to voice coil. : The notation pk.eq. means peak equivalent.
		


Free Air Params. at VC Voltage = Vvc (Vdc) and VC Excursion = X-pk (mm, pk eq.)
-----------------------------------------------------------------------------------
Test  Vout   Vvc     X-DC   Re      Fs     Qts    Qes    Qms    Le1k   Le10k  Zmax
      Vdc    Vdc     mm     Ohms    Hz                          mH     mH     Ohms
-----------------------------------------------------------------------------------
  1 -15.00 -10.333  -7.843  4.445  139.83  1.755  2.606  5.376  0.365  0.233 13.615
  2 -13.33  -9.284  -7.506  4.604  132.83  1.613  2.300  5.406  0.385  0.240 15.427
  3 -11.67  -8.155  -7.117  4.662  127.08  1.446  1.964  5.482  0.396  0.253 17.677
  4 -10.00  -6.997  -6.655  4.678  118.97  1.227  1.585  5.433  0.417  0.262 20.707
  5  -8.33  -5.812  -6.073  4.627  112.75  1.031  1.263  5.615  0.435  0.289 25.196
  6  -6.67  -4.637  -5.262  4.586  103.80  0.829  0.976  5.490  0.467  0.308 30.373
  7  -5.00  -3.468  -4.188  4.544   93.03  0.651  0.747  5.085  0.497  0.349 35.477
  8  -3.33  -2.303  -2.890  4.488   84.22  0.546  0.615  4.876  0.538  0.368 40.084
  9  -1.67  -1.143  -1.458  4.385   77.72  0.487  0.547  4.481  0.559  0.382 40.324
-----------------------------------------------------------------------------------
 10   0.00   0.000   0.000  4.346   79.74  0.552  0.624  4.783  0.554  0.383 37.681
-----------------------------------------------------------------------------------
 11   1.67   1.134   1.146  4.271   88.19  0.785  0.921  5.332  0.530  0.345 28.997
 12   3.33   2.271   1.888  4.292   96.19  1.107  1.381  5.591  0.498  0.324 21.669
 13   5.00   3.422   2.437  4.356  103.66  1.462  1.960  5.746  0.475  0.296 17.126
 14   6.67   4.599   2.867  4.466  109.55  1.806  2.620  5.813  0.461  0.287 14.376
 15   8.33   5.795   3.217  4.585  114.29  2.115  3.325  5.816  0.451  0.275 12.605
 16  10.00   7.008   3.517  4.704  118.70  2.387  4.091  5.732  0.442  0.261 11.295
 17  11.67   8.243   3.786  4.834  123.01  2.630  4.897  5.682  0.439  0.260 10.442
 18  13.33   9.480   4.028  4.941  127.05  2.847  5.760  5.629  0.435  0.251  9.769
 19  15.00  10.707   4.255  5.007  129.74  2.959  6.490  5.440  0.436  0.249  9.205


Vas Related Parameters at VC Voltage = Vvc (Vdc) and VC Excursion = X-DC (mm)
-----------------------------------------------------------------------------------
Test  Vout   Ivc     X-DC   Vas    n0     SPL    Mms    Cms    Kms    Rms    BL
      Vdc    Adc     mm     L      %      dB     GM     mm/N   N/mm   kg/s     
-----------------------------------------------------------------------------------
  1 -15.00  -1.601  -7.843   0.47  0.048  78.87   3.62  0.358   2.79   0.59  2.078
  2 -13.33  -1.404  -7.506   0.53  0.051  79.19   3.62  0.397   2.52   0.56  2.348
  3 -11.67  -1.223  -7.117   0.58  0.057  79.68   3.62  0.433   2.31   0.53  2.517
  4 -10.00  -1.046  -6.655   0.66  0.066  80.32   3.62  0.494   2.02   0.50  2.725
  5  -8.33  -0.876  -6.073   0.73  0.079  81.08   3.62  0.550   1.82   0.46  2.963
  6  -6.67  -0.703  -5.262   0.86  0.094  81.84   3.62  0.649   1.54   0.43  3.217
  7  -5.00  -0.529  -4.188   1.07  0.110  82.53   3.62  0.808   1.24   0.42  3.459
  8  -3.33  -0.355  -2.890   1.31  0.121  82.94   3.62  0.986   1.01   0.39  3.583
  9  -1.67  -0.179  -1.458   1.54  0.126  83.10   3.62  1.158   0.86   0.39  3.587
-----------------------------------------------------------------------------------
 10   0.00   0.000   0.000   1.46  0.113  82.64   3.62  1.100   0.91   0.38  3.344
-----------------------------------------------------------------------------------
 11   1.67   0.181   1.146   1.19  0.085  81.38   3.62  0.900   1.11   0.38  2.829
 12   3.33   0.360   1.888   1.00  0.062  80.00   3.62  0.756   1.32   0.39  2.411
 13   5.00   0.538   2.437   0.86  0.047  78.81   3.62  0.651   1.54   0.41  2.124
 14   6.67   0.710   2.867   0.77  0.037  77.79   3.62  0.583   1.72   0.43  1.920
 15   8.33   0.879   3.217   0.71  0.030  76.93   3.62  0.536   1.87   0.45  1.771
 16  10.00   1.044   3.517   0.66  0.026  76.20   3.62  0.497   2.01   0.47  1.655
 17  11.67   1.205   3.786   0.61  0.022  75.57   3.62  0.462   2.16   0.49  1.567
 18  13.33   1.364   4.028   0.58  0.020  75.01   3.62  0.433   2.31   0.51  1.489
 19  15.00   1.526   4.255   0.55  0.018  74.58   3.62  0.416   2.41   0.54  1.433
